(kicad_pcb (version 20171130) (host pcbnew 5.1.7-a382d34a8~87~ubuntu20.04.1)

  (general
    (thickness 1.6)
    (drawings 14)
    (tracks 990)
    (zones 0)
    (modules 164)
    (nets 152)
  )

  (page A4)
  (layers
    (0 F.Cu signal)
    (31 B.Cu signal)
    (32 B.Adhes user)
    (33 F.Adhes user)
    (34 B.Paste user)
    (35 F.Paste user)
    (36 B.SilkS user)
    (37 F.SilkS user)
    (38 B.Mask user)
    (39 F.Mask user)
    (40 Dwgs.User user)
    (41 Cmts.User user)
    (42 Eco1.User user)
    (43 Eco2.User user)
    (44 Edge.Cuts user)
    (45 Margin user)
    (46 B.CrtYd user)
    (47 F.CrtYd user)
    (48 B.Fab user)
    (49 F.Fab user)
  )

  (setup
    (last_trace_width 0.25)
    (trace_clearance 0.2)
    (zone_clearance 0.2)
    (zone_45_only no)
    (trace_min 0.2)
    (via_size 0.8)
    (via_drill 0.4)
    (via_min_size 0.4)
    (via_min_drill 0.3)
    (uvia_size 0.3)
    (uvia_drill 0.1)
    (uvias_allowed no)
    (uvia_min_size 0.2)
    (uvia_min_drill 0.1)
    (edge_width 0.05)
    (segment_width 0.2)
    (pcb_text_width 0.3)
    (pcb_text_size 1.5 1.5)
    (mod_edge_width 0.12)
    (mod_text_size 1 1)
    (mod_text_width 0.15)
    (pad_size 1.524 1.524)
    (pad_drill 0.762)
    (pad_to_mask_clearance 0)
    (aux_axis_origin 0 0)
    (visible_elements FFFFFF7F)
    (pcbplotparams
      (layerselection 0x010fc_ffffffff)
      (usegerberextensions false)
      (usegerberattributes true)
      (usegerberadvancedattributes true)
      (creategerberjobfile true)
      (excludeedgelayer true)
      (linewidth 0.100000)
      (plotframeref false)
      (viasonmask false)
      (mode 1)
      (useauxorigin false)
      (hpglpennumber 1)
      (hpglpenspeed 20)
      (hpglpendiameter 15.000000)
      (psnegative false)
      (psa4output false)
      (plotreference true)
      (plotvalue true)
      (plotinvisibletext false)
      (padsonsilk false)
      (subtractmaskfromsilk false)
      (outputformat 1)
      (mirror false)
      (drillshape 0)
      (scaleselection 1)
      (outputdirectory "GD"))
  )

  (net 0 "")
  (net 1 +5V)
  (net 2 GND)
  (net 3 /SIGNAL)
  (net 4 "Net-(LD10-Pad4)")
  (net 5 "Net-(LD1-Pad2)")
  (net 6 "Net-(LD2-Pad2)")
  (net 7 "Net-(LD3-Pad2)")
  (net 8 "Net-(LD5-Pad2)")
  (net 9 "Net-(LD6-Pad2)")
  (net 10 "Net-(LD7-Pad2)")
  (net 11 "Net-(LD11-Pad2)")
  (net 12 "Net-(LD13-Pad2)")
  (net 13 "Net-(LD14-Pad2)")
  (net 14 "Net-(LD15-Pad2)")
  (net 15 "Net-(LD16-Pad2)")
  (net 16 "Net-(LD4-Pad2)")
  (net 17 "Net-(LD8-Pad2)")
  (net 18 /SIG1)
  (net 19 "Net-(LD12-Pad2)")
  (net 20 "Net-(LD17-Pad2)")
  (net 21 "Net-(LD18-Pad2)")
  (net 22 "Net-(LD19-Pad2)")
  (net 23 /SIG2)
  (net 24 "Net-(LD21-Pad2)")
  (net 25 "Net-(LD22-Pad2)")
  (net 26 "Net-(LD23-Pad2)")
  (net 27 "Net-(LD24-Pad2)")
  (net 28 "Net-(LD25-Pad2)")
  (net 29 "Net-(LD26-Pad2)")
  (net 30 "Net-(LD27-Pad2)")
  (net 31 "Net-(LD28-Pad2)")
  (net 32 "Net-(LD29-Pad2)")
  (net 33 /SIG3)
  (net 34 "Net-(LD31-Pad2)")
  (net 35 "Net-(LD32-Pad2)")
  (net 36 "Net-(LD33-Pad2)")
  (net 37 "Net-(LD34-Pad2)")
  (net 38 "Net-(LD35-Pad2)")
  (net 39 "Net-(LD36-Pad2)")
  (net 40 "Net-(LD37-Pad2)")
  (net 41 "Net-(LD38-Pad2)")
  (net 42 "Net-(LD39-Pad2)")
  (net 43 /SIG4)
  (net 44 "Net-(LD41-Pad2)")
  (net 45 "Net-(LD42-Pad2)")
  (net 46 "Net-(LD43-Pad2)")
  (net 47 "Net-(LD44-Pad2)")
  (net 48 "Net-(LD45-Pad2)")
  (net 49 "Net-(LD46-Pad2)")
  (net 50 "Net-(LD47-Pad2)")
  (net 51 "Net-(LD48-Pad2)")
  (net 52 "Net-(LD49-Pad2)")
  (net 53 /SIG5)
  (net 54 "Net-(LD51-Pad2)")
  (net 55 "Net-(LD52-Pad2)")
  (net 56 "Net-(LD53-Pad2)")
  (net 57 "Net-(LD54-Pad2)")
  (net 58 "Net-(LD55-Pad2)")
  (net 59 "Net-(LD56-Pad2)")
  (net 60 "Net-(LD57-Pad2)")
  (net 61 "Net-(LD58-Pad2)")
  (net 62 "Net-(LD59-Pad2)")
  (net 63 /SIG6)
  (net 64 "Net-(LD61-Pad2)")
  (net 65 "Net-(LD62-Pad2)")
  (net 66 "Net-(LD63-Pad2)")
  (net 67 "Net-(LD64-Pad2)")
  (net 68 "Net-(LD65-Pad2)")
  (net 69 "Net-(LD66-Pad2)")
  (net 70 "Net-(LD67-Pad2)")
  (net 71 "Net-(LD68-Pad2)")
  (net 72 "Net-(LD69-Pad2)")
  (net 73 /SIG7)
  (net 74 "Net-(LD71-Pad2)")
  (net 75 "Net-(LD72-Pad2)")
  (net 76 "Net-(LD73-Pad2)")
  (net 77 "Net-(LD74-Pad2)")
  (net 78 "Net-(LD75-Pad2)")
  (net 79 "Net-(LD76-Pad2)")
  (net 80 "Net-(LD77-Pad2)")
  (net 81 "Net-(LD78-Pad2)")
  (net 82 "Net-(LD79-Pad2)")
  (net 83 /SIG8)
  (net 84 "Net-(LD81-Pad2)")
  (net 85 "Net-(LD82-Pad2)")
  (net 86 "Net-(LD83-Pad2)")
  (net 87 "Net-(LD84-Pad2)")
  (net 88 "Net-(LD85-Pad2)")
  (net 89 "Net-(LD86-Pad2)")
  (net 90 "Net-(LD87-Pad2)")
  (net 91 "Net-(LD88-Pad2)")
  (net 92 "Net-(LD89-Pad2)")
  (net 93 "Net-(LD90-Pad2)")
  (net 94 "Net-(LD91-Pad2)")
  (net 95 "Net-(LD92-Pad2)")
  (net 96 "Net-(LD93-Pad2)")
  (net 97 "Net-(LD94-Pad2)")
  (net 98 "Net-(LD95-Pad2)")
  (net 99 "Net-(LD96-Pad2)")
  (net 100 "Net-(LD97-Pad2)")
  (net 101 "Net-(LD100-Pad4)")
  (net 102 /SIG9)
  (net 103 "Net-(LD100-Pad2)")
  (net 104 "Net-(LD101-Pad2)")
  (net 105 "Net-(LD102-Pad2)")
  (net 106 "Net-(LD103-Pad2)")
  (net 107 "Net-(LD104-Pad2)")
  (net 108 "Net-(LD105-Pad2)")
  (net 109 "Net-(LD106-Pad2)")
  (net 110 "Net-(LD107-Pad2)")
  (net 111 /SIG10)
  (net 112 "Net-(LD109-Pad2)")
  (net 113 "Net-(LD110-Pad2)")
  (net 114 "Net-(LD111-Pad2)")
  (net 115 "Net-(LD112-Pad2)")
  (net 116 "Net-(LD113-Pad2)")
  (net 117 "Net-(LD114-Pad2)")
  (net 118 "Net-(LD115-Pad2)")
  (net 119 "Net-(LD116-Pad2)")
  (net 120 "Net-(LD117-Pad2)")
  (net 121 /SIG11)
  (net 122 "Net-(LD119-Pad2)")
  (net 123 "Net-(LD120-Pad2)")
  (net 124 "Net-(LD121-Pad2)")
  (net 125 "Net-(LD122-Pad2)")
  (net 126 "Net-(LD123-Pad2)")
  (net 127 "Net-(LD124-Pad2)")
  (net 128 "Net-(LD125-Pad2)")
  (net 129 "Net-(LD126-Pad2)")
  (net 130 "Net-(LD127-Pad2)")
  (net 131 /SIG12)
  (net 132 "Net-(LD129-Pad2)")
  (net 133 "Net-(LD130-Pad2)")
  (net 134 "Net-(LD131-Pad2)")
  (net 135 "Net-(LD132-Pad2)")
  (net 136 "Net-(LD133-Pad2)")
  (net 137 "Net-(LD134-Pad2)")
  (net 138 "Net-(LD135-Pad2)")
  (net 139 "Net-(LD136-Pad2)")
  (net 140 "Net-(LD137-Pad2)")
  (net 141 /SIG13)
  (net 142 "Net-(LD139-Pad2)")
  (net 143 "Net-(LD140-Pad2)")
  (net 144 "Net-(LD141-Pad2)")
  (net 145 "Net-(LD142-Pad2)")
  (net 146 "Net-(LD143-Pad2)")
  (net 147 "Net-(LD144-Pad2)")
  (net 148 "Net-(LD145-Pad2)")
  (net 149 "Net-(LD146-Pad2)")
  (net 150 "Net-(LD147-Pad2)")
  (net 151 "Net-(LD148-Pad2)")

  (net_class Default "This is the default net class."
    (clearance 0.2)
    (trace_width 0.25)
    (via_dia 0.8)
    (via_drill 0.4)
    (uvia_dia 0.3)
    (uvia_drill 0.1)
    (add_net +5V)
    (add_net /SIG1)
    (add_net /SIG10)
    (add_net /SIG11)
    (add_net /SIG12)
    (add_net /SIG13)
    (add_net /SIG2)
    (add_net /SIG3)
    (add_net /SIG4)
    (add_net /SIG5)
    (add_net /SIG6)
    (add_net /SIG7)
    (add_net /SIG8)
    (add_net /SIG9)
    (add_net /SIGNAL)
    (add_net GND)
    (add_net "Net-(LD1-Pad2)")
    (add_net "Net-(LD10-Pad4)")
    (add_net "Net-(LD100-Pad2)")
    (add_net "Net-(LD100-Pad4)")
    (add_net "Net-(LD101-Pad2)")
    (add_net "Net-(LD102-Pad2)")
    (add_net "Net-(LD103-Pad2)")
    (add_net "Net-(LD104-Pad2)")
    (add_net "Net-(LD105-Pad2)")
    (add_net "Net-(LD106-Pad2)")
    (add_net "Net-(LD107-Pad2)")
    (add_net "Net-(LD109-Pad2)")
    (add_net "Net-(LD11-Pad2)")
    (add_net "Net-(LD110-Pad2)")
    (add_net "Net-(LD111-Pad2)")
    (add_net "Net-(LD112-Pad2)")
    (add_net "Net-(LD113-Pad2)")
    (add_net "Net-(LD114-Pad2)")
    (add_net "Net-(LD115-Pad2)")
    (add_net "Net-(LD116-Pad2)")
    (add_net "Net-(LD117-Pad2)")
    (add_net "Net-(LD119-Pad2)")
    (add_net "Net-(LD12-Pad2)")
    (add_net "Net-(LD120-Pad2)")
    (add_net "Net-(LD121-Pad2)")
    (add_net "Net-(LD122-Pad2)")
    (add_net "Net-(LD123-Pad2)")
    (add_net "Net-(LD124-Pad2)")
    (add_net "Net-(LD125-Pad2)")
    (add_net "Net-(LD126-Pad2)")
    (add_net "Net-(LD127-Pad2)")
    (add_net "Net-(LD129-Pad2)")
    (add_net "Net-(LD13-Pad2)")
    (add_net "Net-(LD130-Pad2)")
    (add_net "Net-(LD131-Pad2)")
    (add_net "Net-(LD132-Pad2)")
    (add_net "Net-(LD133-Pad2)")
    (add_net "Net-(LD134-Pad2)")
    (add_net "Net-(LD135-Pad2)")
    (add_net "Net-(LD136-Pad2)")
    (add_net "Net-(LD137-Pad2)")
    (add_net "Net-(LD139-Pad2)")
    (add_net "Net-(LD14-Pad2)")
    (add_net "Net-(LD140-Pad2)")
    (add_net "Net-(LD141-Pad2)")
    (add_net "Net-(LD142-Pad2)")
    (add_net "Net-(LD143-Pad2)")
    (add_net "Net-(LD144-Pad2)")
    (add_net "Net-(LD145-Pad2)")
    (add_net "Net-(LD146-Pad2)")
    (add_net "Net-(LD147-Pad2)")
    (add_net "Net-(LD148-Pad2)")
    (add_net "Net-(LD15-Pad2)")
    (add_net "Net-(LD16-Pad2)")
    (add_net "Net-(LD17-Pad2)")
    (add_net "Net-(LD18-Pad2)")
    (add_net "Net-(LD19-Pad2)")
    (add_net "Net-(LD2-Pad2)")
    (add_net "Net-(LD21-Pad2)")
    (add_net "Net-(LD22-Pad2)")
    (add_net "Net-(LD23-Pad2)")
    (add_net "Net-(LD24-Pad2)")
    (add_net "Net-(LD25-Pad2)")
    (add_net "Net-(LD26-Pad2)")
    (add_net "Net-(LD27-Pad2)")
    (add_net "Net-(LD28-Pad2)")
    (add_net "Net-(LD29-Pad2)")
    (add_net "Net-(LD3-Pad2)")
    (add_net "Net-(LD31-Pad2)")
    (add_net "Net-(LD32-Pad2)")
    (add_net "Net-(LD33-Pad2)")
    (add_net "Net-(LD34-Pad2)")
    (add_net "Net-(LD35-Pad2)")
    (add_net "Net-(LD36-Pad2)")
    (add_net "Net-(LD37-Pad2)")
    (add_net "Net-(LD38-Pad2)")
    (add_net "Net-(LD39-Pad2)")
    (add_net "Net-(LD4-Pad2)")
    (add_net "Net-(LD41-Pad2)")
    (add_net "Net-(LD42-Pad2)")
    (add_net "Net-(LD43-Pad2)")
    (add_net "Net-(LD44-Pad2)")
    (add_net "Net-(LD45-Pad2)")
    (add_net "Net-(LD46-Pad2)")
    (add_net "Net-(LD47-Pad2)")
    (add_net "Net-(LD48-Pad2)")
    (add_net "Net-(LD49-Pad2)")
    (add_net "Net-(LD5-Pad2)")
    (add_net "Net-(LD51-Pad2)")
    (add_net "Net-(LD52-Pad2)")
    (add_net "Net-(LD53-Pad2)")
    (add_net "Net-(LD54-Pad2)")
    (add_net "Net-(LD55-Pad2)")
    (add_net "Net-(LD56-Pad2)")
    (add_net "Net-(LD57-Pad2)")
    (add_net "Net-(LD58-Pad2)")
    (add_net "Net-(LD59-Pad2)")
    (add_net "Net-(LD6-Pad2)")
    (add_net "Net-(LD61-Pad2)")
    (add_net "Net-(LD62-Pad2)")
    (add_net "Net-(LD63-Pad2)")
    (add_net "Net-(LD64-Pad2)")
    (add_net "Net-(LD65-Pad2)")
    (add_net "Net-(LD66-Pad2)")
    (add_net "Net-(LD67-Pad2)")
    (add_net "Net-(LD68-Pad2)")
    (add_net "Net-(LD69-Pad2)")
    (add_net "Net-(LD7-Pad2)")
    (add_net "Net-(LD71-Pad2)")
    (add_net "Net-(LD72-Pad2)")
    (add_net "Net-(LD73-Pad2)")
    (add_net "Net-(LD74-Pad2)")
    (add_net "Net-(LD75-Pad2)")
    (add_net "Net-(LD76-Pad2)")
    (add_net "Net-(LD77-Pad2)")
    (add_net "Net-(LD78-Pad2)")
    (add_net "Net-(LD79-Pad2)")
    (add_net "Net-(LD8-Pad2)")
    (add_net "Net-(LD81-Pad2)")
    (add_net "Net-(LD82-Pad2)")
    (add_net "Net-(LD83-Pad2)")
    (add_net "Net-(LD84-Pad2)")
    (add_net "Net-(LD85-Pad2)")
    (add_net "Net-(LD86-Pad2)")
    (add_net "Net-(LD87-Pad2)")
    (add_net "Net-(LD88-Pad2)")
    (add_net "Net-(LD89-Pad2)")
    (add_net "Net-(LD90-Pad2)")
    (add_net "Net-(LD91-Pad2)")
    (add_net "Net-(LD92-Pad2)")
    (add_net "Net-(LD93-Pad2)")
    (add_net "Net-(LD94-Pad2)")
    (add_net "Net-(LD95-Pad2)")
    (add_net "Net-(LD96-Pad2)")
    (add_net "Net-(LD97-Pad2)")
  )

  (module led_a:OSTW3535C1A (layer F.Cu) (tedit 60017207) (tstamp 6001F2AD)
    (at 96 60 270)
    (path /605B4C65)
    (fp_text reference LD12 (at 0 3 90) (layer F.SilkS) hide
      (effects (font (size 1 1) (thickness 0.15)))
    )
    (fp_text value OSTW3535C1A (at 0 -2.75 90) (layer F.Fab)
      (effects (font (size 1 1) (thickness 0.15)))
    )
    (fp_line (start -1.25 2) (end -2 1.25) (layer F.SilkS) (width 0.12))
    (fp_line (start -2 -2) (end 2 -2) (layer F.SilkS) (width 0.12))
    (fp_line (start -2 2) (end -2 -2) (layer F.SilkS) (width 0.12))
    (fp_line (start 2 2) (end -2 2) (layer F.SilkS) (width 0.12))
    (fp_line (start 2 -2) (end 2 2) (layer F.SilkS) (width 0.12))
    (fp_circle (center 0 0) (end 0.5 -0.5) (layer F.SilkS) (width 0.12))
    (pad 1 smd rect (at 0.89 -1.765 270) (size 0.8 2) (layers F.Cu F.Paste F.Mask)
      (net 1 +5V))
    (pad 2 smd rect (at -0.89 -1.765 270) (size 0.8 2) (layers F.Cu F.Paste F.Mask)
      (net 19 "Net-(LD12-Pad2)"))
    (pad 3 smd rect (at -0.89 1.765 270) (size 0.8 2) (layers F.Cu F.Paste F.Mask)
      (net 2 GND))
    (pad 4 smd rect (at 0.89 1.765 270) (size 0.8 2) (layers F.Cu F.Paste F.Mask)
      (net 11 "Net-(LD11-Pad2)"))
  )

  (module Capacitor_SMD:C_1206_3216Metric_Pad1.33x1.80mm_HandSolder (layer B.Cu) (tedit 5F68FEEF) (tstamp 6001F0C2)
    (at 90 54 90)
    (descr "Capacitor SMD 1206 (3216 Metric), square (rectangular) end terminal, IPC_7351 nominal with elongated pad for handsoldering. (Body size source: IPC-SM-782 page 76, https://www.pcb-3d.com/wordpress/wp-content/uploads/ipc-sm-782a_amendment_1_and_2.pdf), generated with kicad-footprint-generator")
    (tags "capacitor handsolder")
    (path /60016AF8)
    (attr smd)
    (fp_text reference C1 (at 0 1.85 -90) (layer B.SilkS)
      (effects (font (size 1 1) (thickness 0.15)) (justify mirror))
    )
    (fp_text value C_Small (at 0 -1.85 -90) (layer B.Fab)
      (effects (font (size 1 1) (thickness 0.15)) (justify mirror))
    )
    (fp_line (start -1.6 -0.8) (end -1.6 0.8) (layer B.Fab) (width 0.1))
    (fp_line (start -1.6 0.8) (end 1.6 0.8) (layer B.Fab) (width 0.1))
    (fp_line (start 1.6 0.8) (end 1.6 -0.8) (layer B.Fab) (width 0.1))
    (fp_line (start 1.6 -0.8) (end -1.6 -0.8) (layer B.Fab) (width 0.1))
    (fp_line (start -0.711252 0.91) (end 0.711252 0.91) (layer B.SilkS) (width 0.12))
    (fp_line (start -0.711252 -0.91) (end 0.711252 -0.91) (layer B.SilkS) (width 0.12))
    (fp_line (start -2.48 -1.15) (end -2.48 1.15) (layer B.CrtYd) (width 0.05))
    (fp_line (start -2.48 1.15) (end 2.48 1.15) (layer B.CrtYd) (width 0.05))
    (fp_line (start 2.48 1.15) (end 2.48 -1.15) (layer B.CrtYd) (width 0.05))
    (fp_line (start 2.48 -1.15) (end -2.48 -1.15) (layer B.CrtYd) (width 0.05))
    (fp_text user %R (at 0 0 -90) (layer B.Fab)
      (effects (font (size 0.8 0.8) (thickness 0.12)) (justify mirror))
    )
    (pad 2 smd roundrect (at 1.5625 0 90) (size 1.325 1.8) (layers B.Cu B.Paste B.Mask) (roundrect_rratio 0.1886784905660377)
      (net 2 GND))
    (pad 1 smd roundrect (at -1.5625 0 90) (size 1.325 1.8) (layers B.Cu B.Paste B.Mask) (roundrect_rratio 0.1886784905660377)
      (net 1 +5V))
    (model ${KISYS3DMOD}/Capacitor_SMD.3dshapes/C_1206_3216Metric.wrl
      (at (xyz 0 0 0))
      (scale (xyz 1 1 1))
      (rotate (xyz 0 0 0))
    )
  )

  (module Capacitor_SMD:C_1206_3216Metric_Pad1.33x1.80mm_HandSolder (layer B.Cu) (tedit 5F68FEEF) (tstamp 60025A67)
    (at 90 60 90)
    (descr "Capacitor SMD 1206 (3216 Metric), square (rectangular) end terminal, IPC_7351 nominal with elongated pad for handsoldering. (Body size source: IPC-SM-782 page 76, https://www.pcb-3d.com/wordpress/wp-content/uploads/ipc-sm-782a_amendment_1_and_2.pdf), generated with kicad-footprint-generator")
    (tags "capacitor handsolder")
    (path /69B3981E)
    (attr smd)
    (fp_text reference C2 (at 0 1.85 -90) (layer B.SilkS)
      (effects (font (size 1 1) (thickness 0.15)) (justify mirror))
    )
    (fp_text value C_Small (at 0 -1.85 -90) (layer B.Fab)
      (effects (font (size 1 1) (thickness 0.15)) (justify mirror))
    )
    (fp_line (start 2.48 -1.15) (end -2.48 -1.15) (layer B.CrtYd) (width 0.05))
    (fp_line (start 2.48 1.15) (end 2.48 -1.15) (layer B.CrtYd) (width 0.05))
    (fp_line (start -2.48 1.15) (end 2.48 1.15) (layer B.CrtYd) (width 0.05))
    (fp_line (start -2.48 -1.15) (end -2.48 1.15) (layer B.CrtYd) (width 0.05))
    (fp_line (start -0.711252 -0.91) (end 0.711252 -0.91) (layer B.SilkS) (width 0.12))
    (fp_line (start -0.711252 0.91) (end 0.711252 0.91) (layer B.SilkS) (width 0.12))
    (fp_line (start 1.6 -0.8) (end -1.6 -0.8) (layer B.Fab) (width 0.1))
    (fp_line (start 1.6 0.8) (end 1.6 -0.8) (layer B.Fab) (width 0.1))
    (fp_line (start -1.6 0.8) (end 1.6 0.8) (layer B.Fab) (width 0.1))
    (fp_line (start -1.6 -0.8) (end -1.6 0.8) (layer B.Fab) (width 0.1))
    (fp_text user %R (at 0 0 -90) (layer B.Fab)
      (effects (font (size 0.8 0.8) (thickness 0.12)) (justify mirror))
    )
    (pad 1 smd roundrect (at -1.5625 0 90) (size 1.325 1.8) (layers B.Cu B.Paste B.Mask) (roundrect_rratio 0.1886784905660377)
      (net 1 +5V))
    (pad 2 smd roundrect (at 1.5625 0 90) (size 1.325 1.8) (layers B.Cu B.Paste B.Mask) (roundrect_rratio 0.1886784905660377)
      (net 2 GND))
    (model ${KISYS3DMOD}/Capacitor_SMD.3dshapes/C_1206_3216Metric.wrl
      (at (xyz 0 0 0))
      (scale (xyz 1 1 1))
      (rotate (xyz 0 0 0))
    )
  )

  (module Capacitor_SMD:C_1206_3216Metric_Pad1.33x1.80mm_HandSolder (layer B.Cu) (tedit 5F68FEEF) (tstamp 6001F0E4)
    (at 90 66 90)
    (descr "Capacitor SMD 1206 (3216 Metric), square (rectangular) end terminal, IPC_7351 nominal with elongated pad for handsoldering. (Body size source: IPC-SM-782 page 76, https://www.pcb-3d.com/wordpress/wp-content/uploads/ipc-sm-782a_amendment_1_and_2.pdf), generated with kicad-footprint-generator")
    (tags "capacitor handsolder")
    (path /69D5AB98)
    (attr smd)
    (fp_text reference C3 (at 0 1.85 -90) (layer B.SilkS)
      (effects (font (size 1 1) (thickness 0.15)) (justify mirror))
    )
    (fp_text value C_Small (at 0 -1.85 -90) (layer B.Fab)
      (effects (font (size 1 1) (thickness 0.15)) (justify mirror))
    )
    (fp_line (start 2.48 -1.15) (end -2.48 -1.15) (layer B.CrtYd) (width 0.05))
    (fp_line (start 2.48 1.15) (end 2.48 -1.15) (layer B.CrtYd) (width 0.05))
    (fp_line (start -2.48 1.15) (end 2.48 1.15) (layer B.CrtYd) (width 0.05))
    (fp_line (start -2.48 -1.15) (end -2.48 1.15) (layer B.CrtYd) (width 0.05))
    (fp_line (start -0.711252 -0.91) (end 0.711252 -0.91) (layer B.SilkS) (width 0.12))
    (fp_line (start -0.711252 0.91) (end 0.711252 0.91) (layer B.SilkS) (width 0.12))
    (fp_line (start 1.6 -0.8) (end -1.6 -0.8) (layer B.Fab) (width 0.1))
    (fp_line (start 1.6 0.8) (end 1.6 -0.8) (layer B.Fab) (width 0.1))
    (fp_line (start -1.6 0.8) (end 1.6 0.8) (layer B.Fab) (width 0.1))
    (fp_line (start -1.6 -0.8) (end -1.6 0.8) (layer B.Fab) (width 0.1))
    (fp_text user %R (at 0 0 -90) (layer B.Fab)
      (effects (font (size 0.8 0.8) (thickness 0.12)) (justify mirror))
    )
    (pad 1 smd roundrect (at -1.5625 0 90) (size 1.325 1.8) (layers B.Cu B.Paste B.Mask) (roundrect_rratio 0.1886784905660377)
      (net 1 +5V))
    (pad 2 smd roundrect (at 1.5625 0 90) (size 1.325 1.8) (layers B.Cu B.Paste B.Mask) (roundrect_rratio 0.1886784905660377)
      (net 2 GND))
    (model ${KISYS3DMOD}/Capacitor_SMD.3dshapes/C_1206_3216Metric.wrl
      (at (xyz 0 0 0))
      (scale (xyz 1 1 1))
      (rotate (xyz 0 0 0))
    )
  )

  (module Capacitor_SMD:C_1206_3216Metric_Pad1.33x1.80mm_HandSolder (layer B.Cu) (tedit 5F68FEEF) (tstamp 6001F0F5)
    (at 90 72 90)
    (descr "Capacitor SMD 1206 (3216 Metric), square (rectangular) end terminal, IPC_7351 nominal with elongated pad for handsoldering. (Body size source: IPC-SM-782 page 76, https://www.pcb-3d.com/wordpress/wp-content/uploads/ipc-sm-782a_amendment_1_and_2.pdf), generated with kicad-footprint-generator")
    (tags "capacitor handsolder")
    (path /69F7D188)
    (attr smd)
    (fp_text reference C4 (at 0 1.85 -90) (layer B.SilkS)
      (effects (font (size 1 1) (thickness 0.15)) (justify mirror))
    )
    (fp_text value C_Small (at 0 -1.85 -90) (layer B.Fab)
      (effects (font (size 1 1) (thickness 0.15)) (justify mirror))
    )
    (fp_line (start -1.6 -0.8) (end -1.6 0.8) (layer B.Fab) (width 0.1))
    (fp_line (start -1.6 0.8) (end 1.6 0.8) (layer B.Fab) (width 0.1))
    (fp_line (start 1.6 0.8) (end 1.6 -0.8) (layer B.Fab) (width 0.1))
    (fp_line (start 1.6 -0.8) (end -1.6 -0.8) (layer B.Fab) (width 0.1))
    (fp_line (start -0.711252 0.91) (end 0.711252 0.91) (layer B.SilkS) (width 0.12))
    (fp_line (start -0.711252 -0.91) (end 0.711252 -0.91) (layer B.SilkS) (width 0.12))
    (fp_line (start -2.48 -1.15) (end -2.48 1.15) (layer B.CrtYd) (width 0.05))
    (fp_line (start -2.48 1.15) (end 2.48 1.15) (layer B.CrtYd) (width 0.05))
    (fp_line (start 2.48 1.15) (end 2.48 -1.15) (layer B.CrtYd) (width 0.05))
    (fp_line (start 2.48 -1.15) (end -2.48 -1.15) (layer B.CrtYd) (width 0.05))
    (fp_text user %R (at 0 0 -90) (layer B.Fab)
      (effects (font (size 0.8 0.8) (thickness 0.12)) (justify mirror))
    )
    (pad 2 smd roundrect (at 1.5625 0 90) (size 1.325 1.8) (layers B.Cu B.Paste B.Mask) (roundrect_rratio 0.1886784905660377)
      (net 2 GND))
    (pad 1 smd roundrect (at -1.5625 0 90) (size 1.325 1.8) (layers B.Cu B.Paste B.Mask) (roundrect_rratio 0.1886784905660377)
      (net 1 +5V))
    (model ${KISYS3DMOD}/Capacitor_SMD.3dshapes/C_1206_3216Metric.wrl
      (at (xyz 0 0 0))
      (scale (xyz 1 1 1))
      (rotate (xyz 0 0 0))
    )
  )

  (module Capacitor_SMD:C_1206_3216Metric_Pad1.33x1.80mm_HandSolder (layer B.Cu) (tedit 5F68FEEF) (tstamp 6001F106)
    (at 90 78 90)
    (descr "Capacitor SMD 1206 (3216 Metric), square (rectangular) end terminal, IPC_7351 nominal with elongated pad for handsoldering. (Body size source: IPC-SM-782 page 76, https://www.pcb-3d.com/wordpress/wp-content/uploads/ipc-sm-782a_amendment_1_and_2.pdf), generated with kicad-footprint-generator")
    (tags "capacitor handsolder")
    (path /6A3C7626)
    (attr smd)
    (fp_text reference C5 (at 0 1.85 -90) (layer B.SilkS)
      (effects (font (size 1 1) (thickness 0.15)) (justify mirror))
    )
    (fp_text value C_Small (at 0 -1.85 -90) (layer B.Fab)
      (effects (font (size 1 1) (thickness 0.15)) (justify mirror))
    )
    (fp_line (start 2.48 -1.15) (end -2.48 -1.15) (layer B.CrtYd) (width 0.05))
    (fp_line (start 2.48 1.15) (end 2.48 -1.15) (layer B.CrtYd) (width 0.05))
    (fp_line (start -2.48 1.15) (end 2.48 1.15) (layer B.CrtYd) (width 0.05))
    (fp_line (start -2.48 -1.15) (end -2.48 1.15) (layer B.CrtYd) (width 0.05))
    (fp_line (start -0.711252 -0.91) (end 0.711252 -0.91) (layer B.SilkS) (width 0.12))
    (fp_line (start -0.711252 0.91) (end 0.711252 0.91) (layer B.SilkS) (width 0.12))
    (fp_line (start 1.6 -0.8) (end -1.6 -0.8) (layer B.Fab) (width 0.1))
    (fp_line (start 1.6 0.8) (end 1.6 -0.8) (layer B.Fab) (width 0.1))
    (fp_line (start -1.6 0.8) (end 1.6 0.8) (layer B.Fab) (width 0.1))
    (fp_line (start -1.6 -0.8) (end -1.6 0.8) (layer B.Fab) (width 0.1))
    (fp_text user %R (at 0 0 -90) (layer B.Fab)
      (effects (font (size 0.8 0.8) (thickness 0.12)) (justify mirror))
    )
    (pad 1 smd roundrect (at -1.5625 0 90) (size 1.325 1.8) (layers B.Cu B.Paste B.Mask) (roundrect_rratio 0.1886784905660377)
      (net 1 +5V))
    (pad 2 smd roundrect (at 1.5625 0 90) (size 1.325 1.8) (layers B.Cu B.Paste B.Mask) (roundrect_rratio 0.1886784905660377)
      (net 2 GND))
    (model ${KISYS3DMOD}/Capacitor_SMD.3dshapes/C_1206_3216Metric.wrl
      (at (xyz 0 0 0))
      (scale (xyz 1 1 1))
      (rotate (xyz 0 0 0))
    )
  )

  (module Capacitor_SMD:C_1206_3216Metric_Pad1.33x1.80mm_HandSolder (layer B.Cu) (tedit 5F68FEEF) (tstamp 6001F117)
    (at 90 84 90)
    (descr "Capacitor SMD 1206 (3216 Metric), square (rectangular) end terminal, IPC_7351 nominal with elongated pad for handsoldering. (Body size source: IPC-SM-782 page 76, https://www.pcb-3d.com/wordpress/wp-content/uploads/ipc-sm-782a_amendment_1_and_2.pdf), generated with kicad-footprint-generator")
    (tags "capacitor handsolder")
    (path /6A3C763A)
    (attr smd)
    (fp_text reference C6 (at 0 1.85 -90) (layer B.SilkS)
      (effects (font (size 1 1) (thickness 0.15)) (justify mirror))
    )
    (fp_text value C_Small (at 0 -1.85 -90) (layer B.Fab)
      (effects (font (size 1 1) (thickness 0.15)) (justify mirror))
    )
    (fp_line (start -1.6 -0.8) (end -1.6 0.8) (layer B.Fab) (width 0.1))
    (fp_line (start -1.6 0.8) (end 1.6 0.8) (layer B.Fab) (width 0.1))
    (fp_line (start 1.6 0.8) (end 1.6 -0.8) (layer B.Fab) (width 0.1))
    (fp_line (start 1.6 -0.8) (end -1.6 -0.8) (layer B.Fab) (width 0.1))
    (fp_line (start -0.711252 0.91) (end 0.711252 0.91) (layer B.SilkS) (width 0.12))
    (fp_line (start -0.711252 -0.91) (end 0.711252 -0.91) (layer B.SilkS) (width 0.12))
    (fp_line (start -2.48 -1.15) (end -2.48 1.15) (layer B.CrtYd) (width 0.05))
    (fp_line (start -2.48 1.15) (end 2.48 1.15) (layer B.CrtYd) (width 0.05))
    (fp_line (start 2.48 1.15) (end 2.48 -1.15) (layer B.CrtYd) (width 0.05))
    (fp_line (start 2.48 -1.15) (end -2.48 -1.15) (layer B.CrtYd) (width 0.05))
    (fp_text user %R (at 0 0 -90) (layer B.Fab)
      (effects (font (size 0.8 0.8) (thickness 0.12)) (justify mirror))
    )
    (pad 2 smd roundrect (at 1.5625 0 90) (size 1.325 1.8) (layers B.Cu B.Paste B.Mask) (roundrect_rratio 0.1886784905660377)
      (net 2 GND))
    (pad 1 smd roundrect (at -1.5625 0 90) (size 1.325 1.8) (layers B.Cu B.Paste B.Mask) (roundrect_rratio 0.1886784905660377)
      (net 1 +5V))
    (model ${KISYS3DMOD}/Capacitor_SMD.3dshapes/C_1206_3216Metric.wrl
      (at (xyz 0 0 0))
      (scale (xyz 1 1 1))
      (rotate (xyz 0 0 0))
    )
  )

  (module Capacitor_SMD:C_1206_3216Metric_Pad1.33x1.80mm_HandSolder (layer B.Cu) (tedit 5F68FEEF) (tstamp 6001F128)
    (at 90 90 90)
    (descr "Capacitor SMD 1206 (3216 Metric), square (rectangular) end terminal, IPC_7351 nominal with elongated pad for handsoldering. (Body size source: IPC-SM-782 page 76, https://www.pcb-3d.com/wordpress/wp-content/uploads/ipc-sm-782a_amendment_1_and_2.pdf), generated with kicad-footprint-generator")
    (tags "capacitor handsolder")
    (path /6A3C764E)
    (attr smd)
    (fp_text reference C7 (at 0 1.85 -90) (layer B.SilkS)
      (effects (font (size 1 1) (thickness 0.15)) (justify mirror))
    )
    (fp_text value C_Small (at 0 -1.85 -90) (layer B.Fab)
      (effects (font (size 1 1) (thickness 0.15)) (justify mirror))
    )
    (fp_line (start 2.48 -1.15) (end -2.48 -1.15) (layer B.CrtYd) (width 0.05))
    (fp_line (start 2.48 1.15) (end 2.48 -1.15) (layer B.CrtYd) (width 0.05))
    (fp_line (start -2.48 1.15) (end 2.48 1.15) (layer B.CrtYd) (width 0.05))
    (fp_line (start -2.48 -1.15) (end -2.48 1.15) (layer B.CrtYd) (width 0.05))
    (fp_line (start -0.711252 -0.91) (end 0.711252 -0.91) (layer B.SilkS) (width 0.12))
    (fp_line (start -0.711252 0.91) (end 0.711252 0.91) (layer B.SilkS) (width 0.12))
    (fp_line (start 1.6 -0.8) (end -1.6 -0.8) (layer B.Fab) (width 0.1))
    (fp_line (start 1.6 0.8) (end 1.6 -0.8) (layer B.Fab) (width 0.1))
    (fp_line (start -1.6 0.8) (end 1.6 0.8) (layer B.Fab) (width 0.1))
    (fp_line (start -1.6 -0.8) (end -1.6 0.8) (layer B.Fab) (width 0.1))
    (fp_text user %R (at 0 0 -90) (layer B.Fab)
      (effects (font (size 0.8 0.8) (thickness 0.12)) (justify mirror))
    )
    (pad 1 smd roundrect (at -1.5625 0 90) (size 1.325 1.8) (layers B.Cu B.Paste B.Mask) (roundrect_rratio 0.1886784905660377)
      (net 1 +5V))
    (pad 2 smd roundrect (at 1.5625 0 90) (size 1.325 1.8) (layers B.Cu B.Paste B.Mask) (roundrect_rratio 0.1886784905660377)
      (net 2 GND))
    (model ${KISYS3DMOD}/Capacitor_SMD.3dshapes/C_1206_3216Metric.wrl
      (at (xyz 0 0 0))
      (scale (xyz 1 1 1))
      (rotate (xyz 0 0 0))
    )
  )

  (module Capacitor_SMD:C_1206_3216Metric_Pad1.33x1.80mm_HandSolder (layer B.Cu) (tedit 5F68FEEF) (tstamp 6001F139)
    (at 90 96 90)
    (descr "Capacitor SMD 1206 (3216 Metric), square (rectangular) end terminal, IPC_7351 nominal with elongated pad for handsoldering. (Body size source: IPC-SM-782 page 76, https://www.pcb-3d.com/wordpress/wp-content/uploads/ipc-sm-782a_amendment_1_and_2.pdf), generated with kicad-footprint-generator")
    (tags "capacitor handsolder")
    (path /6A3C7662)
    (attr smd)
    (fp_text reference C8 (at 0 1.85 -90) (layer B.SilkS)
      (effects (font (size 1 1) (thickness 0.15)) (justify mirror))
    )
    (fp_text value C_Small (at 0 -1.85 -90) (layer B.Fab)
      (effects (font (size 1 1) (thickness 0.15)) (justify mirror))
    )
    (fp_line (start -1.6 -0.8) (end -1.6 0.8) (layer B.Fab) (width 0.1))
    (fp_line (start -1.6 0.8) (end 1.6 0.8) (layer B.Fab) (width 0.1))
    (fp_line (start 1.6 0.8) (end 1.6 -0.8) (layer B.Fab) (width 0.1))
    (fp_line (start 1.6 -0.8) (end -1.6 -0.8) (layer B.Fab) (width 0.1))
    (fp_line (start -0.711252 0.91) (end 0.711252 0.91) (layer B.SilkS) (width 0.12))
    (fp_line (start -0.711252 -0.91) (end 0.711252 -0.91) (layer B.SilkS) (width 0.12))
    (fp_line (start -2.48 -1.15) (end -2.48 1.15) (layer B.CrtYd) (width 0.05))
    (fp_line (start -2.48 1.15) (end 2.48 1.15) (layer B.CrtYd) (width 0.05))
    (fp_line (start 2.48 1.15) (end 2.48 -1.15) (layer B.CrtYd) (width 0.05))
    (fp_line (start 2.48 -1.15) (end -2.48 -1.15) (layer B.CrtYd) (width 0.05))
    (fp_text user %R (at 0 0 -90) (layer B.Fab)
      (effects (font (size 0.8 0.8) (thickness 0.12)) (justify mirror))
    )
    (pad 2 smd roundrect (at 1.5625 0 90) (size 1.325 1.8) (layers B.Cu B.Paste B.Mask) (roundrect_rratio 0.1886784905660377)
      (net 2 GND))
    (pad 1 smd roundrect (at -1.5625 0 90) (size 1.325 1.8) (layers B.Cu B.Paste B.Mask) (roundrect_rratio 0.1886784905660377)
      (net 1 +5V))
    (model ${KISYS3DMOD}/Capacitor_SMD.3dshapes/C_1206_3216Metric.wrl
      (at (xyz 0 0 0))
      (scale (xyz 1 1 1))
      (rotate (xyz 0 0 0))
    )
  )

  (module Capacitor_SMD:C_1206_3216Metric_Pad1.33x1.80mm_HandSolder (layer B.Cu) (tedit 5F68FEEF) (tstamp 6001F14A)
    (at 90 102 90)
    (descr "Capacitor SMD 1206 (3216 Metric), square (rectangular) end terminal, IPC_7351 nominal with elongated pad for handsoldering. (Body size source: IPC-SM-782 page 76, https://www.pcb-3d.com/wordpress/wp-content/uploads/ipc-sm-782a_amendment_1_and_2.pdf), generated with kicad-footprint-generator")
    (tags "capacitor handsolder")
    (path /6A5F1C33)
    (attr smd)
    (fp_text reference C9 (at 0 1.85 -90) (layer B.SilkS)
      (effects (font (size 1 1) (thickness 0.15)) (justify mirror))
    )
    (fp_text value C_Small (at 0 -1.85 -90) (layer B.Fab)
      (effects (font (size 1 1) (thickness 0.15)) (justify mirror))
    )
    (fp_line (start 2.48 -1.15) (end -2.48 -1.15) (layer B.CrtYd) (width 0.05))
    (fp_line (start 2.48 1.15) (end 2.48 -1.15) (layer B.CrtYd) (width 0.05))
    (fp_line (start -2.48 1.15) (end 2.48 1.15) (layer B.CrtYd) (width 0.05))
    (fp_line (start -2.48 -1.15) (end -2.48 1.15) (layer B.CrtYd) (width 0.05))
    (fp_line (start -0.711252 -0.91) (end 0.711252 -0.91) (layer B.SilkS) (width 0.12))
    (fp_line (start -0.711252 0.91) (end 0.711252 0.91) (layer B.SilkS) (width 0.12))
    (fp_line (start 1.6 -0.8) (end -1.6 -0.8) (layer B.Fab) (width 0.1))
    (fp_line (start 1.6 0.8) (end 1.6 -0.8) (layer B.Fab) (width 0.1))
    (fp_line (start -1.6 0.8) (end 1.6 0.8) (layer B.Fab) (width 0.1))
    (fp_line (start -1.6 -0.8) (end -1.6 0.8) (layer B.Fab) (width 0.1))
    (fp_text user %R (at 0 0 -90) (layer B.Fab)
      (effects (font (size 0.8 0.8) (thickness 0.12)) (justify mirror))
    )
    (pad 1 smd roundrect (at -1.5625 0 90) (size 1.325 1.8) (layers B.Cu B.Paste B.Mask) (roundrect_rratio 0.1886784905660377)
      (net 1 +5V))
    (pad 2 smd roundrect (at 1.5625 0 90) (size 1.325 1.8) (layers B.Cu B.Paste B.Mask) (roundrect_rratio 0.1886784905660377)
      (net 2 GND))
    (model ${KISYS3DMOD}/Capacitor_SMD.3dshapes/C_1206_3216Metric.wrl
      (at (xyz 0 0 0))
      (scale (xyz 1 1 1))
      (rotate (xyz 0 0 0))
    )
  )

  (module Capacitor_SMD:C_1206_3216Metric_Pad1.33x1.80mm_HandSolder (layer B.Cu) (tedit 5F68FEEF) (tstamp 6001F15B)
    (at 114 108 90)
    (descr "Capacitor SMD 1206 (3216 Metric), square (rectangular) end terminal, IPC_7351 nominal with elongated pad for handsoldering. (Body size source: IPC-SM-782 page 76, https://www.pcb-3d.com/wordpress/wp-content/uploads/ipc-sm-782a_amendment_1_and_2.pdf), generated with kicad-footprint-generator")
    (tags "capacitor handsolder")
    (path /6A5F1C47)
    (attr smd)
    (fp_text reference C10 (at 0 1.85 -90) (layer B.SilkS)
      (effects (font (size 1 1) (thickness 0.15)) (justify mirror))
    )
    (fp_text value C_Small (at 0 -1.85 -90) (layer B.Fab)
      (effects (font (size 1 1) (thickness 0.15)) (justify mirror))
    )
    (fp_line (start -1.6 -0.8) (end -1.6 0.8) (layer B.Fab) (width 0.1))
    (fp_line (start -1.6 0.8) (end 1.6 0.8) (layer B.Fab) (width 0.1))
    (fp_line (start 1.6 0.8) (end 1.6 -0.8) (layer B.Fab) (width 0.1))
    (fp_line (start 1.6 -0.8) (end -1.6 -0.8) (layer B.Fab) (width 0.1))
    (fp_line (start -0.711252 0.91) (end 0.711252 0.91) (layer B.SilkS) (width 0.12))
    (fp_line (start -0.711252 -0.91) (end 0.711252 -0.91) (layer B.SilkS) (width 0.12))
    (fp_line (start -2.48 -1.15) (end -2.48 1.15) (layer B.CrtYd) (width 0.05))
    (fp_line (start -2.48 1.15) (end 2.48 1.15) (layer B.CrtYd) (width 0.05))
    (fp_line (start 2.48 1.15) (end 2.48 -1.15) (layer B.CrtYd) (width 0.05))
    (fp_line (start 2.48 -1.15) (end -2.48 -1.15) (layer B.CrtYd) (width 0.05))
    (fp_text user %R (at 0 0 -90) (layer B.Fab)
      (effects (font (size 0.8 0.8) (thickness 0.12)) (justify mirror))
    )
    (pad 2 smd roundrect (at 1.5625 0 90) (size 1.325 1.8) (layers B.Cu B.Paste B.Mask) (roundrect_rratio 0.1886784905660377)
      (net 2 GND))
    (pad 1 smd roundrect (at -1.5625 0 90) (size 1.325 1.8) (layers B.Cu B.Paste B.Mask) (roundrect_rratio 0.1886784905660377)
      (net 1 +5V))
    (model ${KISYS3DMOD}/Capacitor_SMD.3dshapes/C_1206_3216Metric.wrl
      (at (xyz 0 0 0))
      (scale (xyz 1 1 1))
      (rotate (xyz 0 0 0))
    )
  )

  (module Capacitor_SMD:C_1206_3216Metric_Pad1.33x1.80mm_HandSolder (layer B.Cu) (tedit 5F68FEEF) (tstamp 6001F16C)
    (at 114 114 90)
    (descr "Capacitor SMD 1206 (3216 Metric), square (rectangular) end terminal, IPC_7351 nominal with elongated pad for handsoldering. (Body size source: IPC-SM-782 page 76, https://www.pcb-3d.com/wordpress/wp-content/uploads/ipc-sm-782a_amendment_1_and_2.pdf), generated with kicad-footprint-generator")
    (tags "capacitor handsolder")
    (path /6A5F1C5B)
    (attr smd)
    (fp_text reference C11 (at 0 1.85 -90) (layer B.SilkS)
      (effects (font (size 1 1) (thickness 0.15)) (justify mirror))
    )
    (fp_text value C_Small (at 0 -1.85 -90) (layer B.Fab)
      (effects (font (size 1 1) (thickness 0.15)) (justify mirror))
    )
    (fp_line (start 2.48 -1.15) (end -2.48 -1.15) (layer B.CrtYd) (width 0.05))
    (fp_line (start 2.48 1.15) (end 2.48 -1.15) (layer B.CrtYd) (width 0.05))
    (fp_line (start -2.48 1.15) (end 2.48 1.15) (layer B.CrtYd) (width 0.05))
    (fp_line (start -2.48 -1.15) (end -2.48 1.15) (layer B.CrtYd) (width 0.05))
    (fp_line (start -0.711252 -0.91) (end 0.711252 -0.91) (layer B.SilkS) (width 0.12))
    (fp_line (start -0.711252 0.91) (end 0.711252 0.91) (layer B.SilkS) (width 0.12))
    (fp_line (start 1.6 -0.8) (end -1.6 -0.8) (layer B.Fab) (width 0.1))
    (fp_line (start 1.6 0.8) (end 1.6 -0.8) (layer B.Fab) (width 0.1))
    (fp_line (start -1.6 0.8) (end 1.6 0.8) (layer B.Fab) (width 0.1))
    (fp_line (start -1.6 -0.8) (end -1.6 0.8) (layer B.Fab) (width 0.1))
    (fp_text user %R (at 0 0 -90) (layer B.Fab)
      (effects (font (size 0.8 0.8) (thickness 0.12)) (justify mirror))
    )
    (pad 1 smd roundrect (at -1.5625 0 90) (size 1.325 1.8) (layers B.Cu B.Paste B.Mask) (roundrect_rratio 0.1886784905660377)
      (net 1 +5V))
    (pad 2 smd roundrect (at 1.5625 0 90) (size 1.325 1.8) (layers B.Cu B.Paste B.Mask) (roundrect_rratio 0.1886784905660377)
      (net 2 GND))
    (model ${KISYS3DMOD}/Capacitor_SMD.3dshapes/C_1206_3216Metric.wrl
      (at (xyz 0 0 0))
      (scale (xyz 1 1 1))
      (rotate (xyz 0 0 0))
    )
  )

  (module Capacitor_SMD:C_1206_3216Metric_Pad1.33x1.80mm_HandSolder (layer B.Cu) (tedit 5F68FEEF) (tstamp 6001F17D)
    (at 114 120 90)
    (descr "Capacitor SMD 1206 (3216 Metric), square (rectangular) end terminal, IPC_7351 nominal with elongated pad for handsoldering. (Body size source: IPC-SM-782 page 76, https://www.pcb-3d.com/wordpress/wp-content/uploads/ipc-sm-782a_amendment_1_and_2.pdf), generated with kicad-footprint-generator")
    (tags "capacitor handsolder")
    (path /6A5F1C6F)
    (attr smd)
    (fp_text reference C12 (at 0 1.85 -90) (layer B.SilkS)
      (effects (font (size 1 1) (thickness 0.15)) (justify mirror))
    )
    (fp_text value C_Small (at 0 -1.85 -90) (layer B.Fab)
      (effects (font (size 1 1) (thickness 0.15)) (justify mirror))
    )
    (fp_line (start -1.6 -0.8) (end -1.6 0.8) (layer B.Fab) (width 0.1))
    (fp_line (start -1.6 0.8) (end 1.6 0.8) (layer B.Fab) (width 0.1))
    (fp_line (start 1.6 0.8) (end 1.6 -0.8) (layer B.Fab) (width 0.1))
    (fp_line (start 1.6 -0.8) (end -1.6 -0.8) (layer B.Fab) (width 0.1))
    (fp_line (start -0.711252 0.91) (end 0.711252 0.91) (layer B.SilkS) (width 0.12))
    (fp_line (start -0.711252 -0.91) (end 0.711252 -0.91) (layer B.SilkS) (width 0.12))
    (fp_line (start -2.48 -1.15) (end -2.48 1.15) (layer B.CrtYd) (width 0.05))
    (fp_line (start -2.48 1.15) (end 2.48 1.15) (layer B.CrtYd) (width 0.05))
    (fp_line (start 2.48 1.15) (end 2.48 -1.15) (layer B.CrtYd) (width 0.05))
    (fp_line (start 2.48 -1.15) (end -2.48 -1.15) (layer B.CrtYd) (width 0.05))
    (fp_text user %R (at 0 0 -90) (layer B.Fab)
      (effects (font (size 0.8 0.8) (thickness 0.12)) (justify mirror))
    )
    (pad 2 smd roundrect (at 1.5625 0 90) (size 1.325 1.8) (layers B.Cu B.Paste B.Mask) (roundrect_rratio 0.1886784905660377)
      (net 2 GND))
    (pad 1 smd roundrect (at -1.5625 0 90) (size 1.325 1.8) (layers B.Cu B.Paste B.Mask) (roundrect_rratio 0.1886784905660377)
      (net 1 +5V))
    (model ${KISYS3DMOD}/Capacitor_SMD.3dshapes/C_1206_3216Metric.wrl
      (at (xyz 0 0 0))
      (scale (xyz 1 1 1))
      (rotate (xyz 0 0 0))
    )
  )

  (module Capacitor_SMD:C_1206_3216Metric_Pad1.33x1.80mm_HandSolder (layer B.Cu) (tedit 5F68FEEF) (tstamp 6001F18E)
    (at 114 126 90)
    (descr "Capacitor SMD 1206 (3216 Metric), square (rectangular) end terminal, IPC_7351 nominal with elongated pad for handsoldering. (Body size source: IPC-SM-782 page 76, https://www.pcb-3d.com/wordpress/wp-content/uploads/ipc-sm-782a_amendment_1_and_2.pdf), generated with kicad-footprint-generator")
    (tags "capacitor handsolder")
    (path /6A81F9C8)
    (attr smd)
    (fp_text reference C13 (at 0 1.85 -90) (layer B.SilkS)
      (effects (font (size 1 1) (thickness 0.15)) (justify mirror))
    )
    (fp_text value C_Small (at 0 -1.85 -90) (layer B.Fab)
      (effects (font (size 1 1) (thickness 0.15)) (justify mirror))
    )
    (fp_line (start 2.48 -1.15) (end -2.48 -1.15) (layer B.CrtYd) (width 0.05))
    (fp_line (start 2.48 1.15) (end 2.48 -1.15) (layer B.CrtYd) (width 0.05))
    (fp_line (start -2.48 1.15) (end 2.48 1.15) (layer B.CrtYd) (width 0.05))
    (fp_line (start -2.48 -1.15) (end -2.48 1.15) (layer B.CrtYd) (width 0.05))
    (fp_line (start -0.711252 -0.91) (end 0.711252 -0.91) (layer B.SilkS) (width 0.12))
    (fp_line (start -0.711252 0.91) (end 0.711252 0.91) (layer B.SilkS) (width 0.12))
    (fp_line (start 1.6 -0.8) (end -1.6 -0.8) (layer B.Fab) (width 0.1))
    (fp_line (start 1.6 0.8) (end 1.6 -0.8) (layer B.Fab) (width 0.1))
    (fp_line (start -1.6 0.8) (end 1.6 0.8) (layer B.Fab) (width 0.1))
    (fp_line (start -1.6 -0.8) (end -1.6 0.8) (layer B.Fab) (width 0.1))
    (fp_text user %R (at 0 0 -90) (layer B.Fab)
      (effects (font (size 0.8 0.8) (thickness 0.12)) (justify mirror))
    )
    (pad 1 smd roundrect (at -1.5625 0 90) (size 1.325 1.8) (layers B.Cu B.Paste B.Mask) (roundrect_rratio 0.1886784905660377)
      (net 1 +5V))
    (pad 2 smd roundrect (at 1.5625 0 90) (size 1.325 1.8) (layers B.Cu B.Paste B.Mask) (roundrect_rratio 0.1886784905660377)
      (net 2 GND))
    (model ${KISYS3DMOD}/Capacitor_SMD.3dshapes/C_1206_3216Metric.wrl
      (at (xyz 0 0 0))
